docs/TOKEN_TOWN.md
  s_84a8c4b5748940::t_8aee4f4134c900 185-190
test/town/village.test.ts
  s_84a8c4b5748940::t_65ba37abc003cd 53
  s_84a8c4b5748940::t_2eb562d150aba2 61
src/town/doorways.ts
  s_84a8c4b5748940::t_2b8ac3cdd8d08d 24,31
  s_84a8c4b5748940::t_7b805ce90e4f2a 1-7,10-23,25-30,32-33,35-39
  s_84a8c4b5748940::t_82cebccbd11a96 8-9,34
docs/ROADMAP.md
  s_84a8c4b5748940::t_8aee4f4134c900 74-81
AGENTS.md
  s_84a8c4b5748940::t_8aee4f4134c900 32
docs/QA.md
  s_84a8c4b5748940::t_f9ee30f691ff4b 5-12,14-17
  s_84a8c4b5748940::t_52d5b72d942e6d 13
src/town/models.ts
  s_84a8c4b5748940::t_82cebccbd11a96 32
  s_84a8c4b5748940::t_f69f9ba1310279 33-38
  s_84a8c4b5748940::t_cd52cd03561c2b 7,27-31,39-62,305-307,402
public/asset-preview.js
  s_84a8c4b5748940::t_065da50e5ac5d4 1,3,5,7,43-44,46,53,55,68,107,110,113,127,190,211,259,261-262,265-266,269-270,283,354,447,473,477,479,485,487,495,522,530,541,552,570,572-573,580,589,601,604,606,620,749,806-807,819,823,840,933,1300,1448,1478,1486,1532-1533,1537,1540,1551,1563,1575,1579,1581,1587,1596,1601,1615,1620,1661,1679,1685,1691,1700,1722,1724,1728,1737,1742,1748,1827,1829,1837,1839,1846,1850,1852,2103,2148,2188,2229,2234,2249,2257,2268,2274,2276,2278,2375,2396,2522,2592,2686,2757,2766,2771,2783,2790,2812,2819,2829,2921,2944,2950,2959,2981,3009,3041,3089,3128,3186,3220,3266,3299,3320,3359,3419,3462,3590,3627,3679,3710,3735,3758,3774,3798,3823,3927,3987,4006,4072,4118,4120,4124-4128,4148,4153,4155,4157,4162,4164-4165,4169,4171,4196,4201,4220
ARCHITECTURE.md
  s_84a8c4b5748940::t_2732fa911458b0 21-22,108-109
src/town/scene.ts
  s_84a8c4b5748940::t_cb03121203b7bb 17,214,221,425,442-443,455,458
  s_84a8c4b5748940::t_82cebccbd11a96 427,437
src/town/farming.ts
  s_84a8c4b5748940::t_cb03121203b7bb 5,88-89,93
  s_84a8c4b5748940::t_2e9ed9a328e376 11
test/town/farming.test.ts
  s_84a8c4b5748940::t_f69f9ba1310279 23
src/town/resident-life.ts
  s_84a8c4b5748940::t_cb20384183a5ae 91-92
  s_84a8c4b5748940::t_2b8ac3cdd8d08d 57,62
  s_84a8c4b5748940::t_443f92a248feb5 5,13,35,37-40,42-46,48,50-51,54-56,58,60,64-66,77,95,127,130,136,142,188,192-193,197
  s_84a8c4b5748940::t_cb48544bdd55a8 53
  s_84a8c4b5748940::t_74d5bb88e73dee 21-22,36,63,84-88,163,187,191
  s_84a8c4b5748940::t_dac7e5191475ee 24,41,47,52,59,61,89,93,123,164,166,169,189-190
  s_84a8c4b5748940::t_083e8c3695a982 203-205
  s_84a8c4b5748940::t_aab322a8f6ff9f 49,90
test/town/doorways.test.ts
  s_84a8c4b5748940::t_f69f9ba1310279 36
  s_84a8c4b5748940::t_cb48544bdd55a8 17
  s_84a8c4b5748940::t_f56f46b006fa3a 60-70
  s_84a8c4b5748940::t_083e8c3695a982 71-76
  s_84a8c4b5748940::t_9c613096e3252e 1-16,18-19,21-35,37-59
  s_84a8c4b5748940::t_82cebccbd11a96 20
src/town/village.ts
  s_84a8c4b5748940::t_cb03121203b7bb 7,38,44,130,141
  s_84a8c4b5748940::t_92d71ce6f96ad7 131
docs/TOWN_3D_ASSETS.md
  s_84a8c4b5748940::t_183da8f239cfbb 33
public/app.js
  s_84a8c4b5748940::t_b1f856660d05fb 1,3,5,7,42,44,46,53,55,68,71,105,107,110,113,127,190,211,257,260,262,264,266,268,270,283,354,447,473,477,479,485,487,495,522,530,541,552,569,571,573,580,589,601,604,606,620,749,806-807,819,823,840,933,1300,1448,1478,1486,1531,1533,1537,1540,1543,1549,1551,1563,1575,1579,1581,1587,1596,1601,1615,1620,1661,1679,1685,1691,1700,1722,1724,1728,1737,1742,1748,1827,1829,1837,1839,1846,1850,1852,2103,2148,2188,2229,2234,2249,2257,2268,2274,2276,2278,2375,2396,2522,2592,2686,2757,2766,2771,2783,2790,2812,2819,2829,2856,2894,2921,2944,2950,2959,2981,3009,3041,3089,3128,3186,3220,3266,3299,3320,3359,3419,3462,3590,3627,3679,3710,3735,3758,3774,3798,3823,3927,3987,4006,4022,4037,4072,4118-4120,4124-4128,4148-4149,4151-4158,4160,4162,4169,4171,4196,4201,4220-4221,4223-4224,4230-4232
---
{
  "schema_version": "authorship/3.0.0",
  "git_ai_version": "1.7.1",
  "base_commit_sha": "c9c364bda8c3dac05e6d2a1634e08bd854f43d34",
  "prompts": {},
  "humans": {
    "h_858d8e7c2e7145": {
      "author": "kevin.zhang <547607118@qq.com>"
    }
  },
  "sessions": {
    "s_84a8c4b5748940": {
      "agent_id": {
        "tool": "codex",
        "id": "01a0f0c6-c968-7eb2-9a16-f64685d798dc",
        "model": "gpt-6.1-sol"
      },
      "human_author": "kevin.zhang <547607118@qq.com>"
    }
  }
}