src/town/service-feedback.ts
  s_84a8c4b5748940::t_4b95d113d4a84d 1-74
src/town/scene.ts
  s_84a8c4b5748940::t_d0d97b1fcc37e5 7
  s_84a8c4b5748940::t_9471a0acd22cea 190,196-197,205,209-210
  s_84a8c4b5748940::t_2418df3d5dc741 8,193-195,198-201,204
test/town/service-feedback.test.ts
  s_84a8c4b5748940::t_d0d97b1fcc37e5 1-47,52-60,67-78
  s_84a8c4b5748940::t_7c63df75f57299 48-51
  s_84a8c4b5748940::t_58acb13838ac16 61-62,64-66
  s_84a8c4b5748940::t_4c4980469c8c07 63
docs/TOKEN_TOWN.md
  s_84a8c4b5748940::t_1a72f847d14109 51-52
design-qa.md
  s_84a8c4b5748940::t_4ad704f384feab 5-11
public/town.css
  s_84a8c4b5748940::t_bd72dc75278abd 2-7
src/town/ui.ts
  s_84a8c4b5748940::t_2e4a99c99e1e01 167-180
  s_84a8c4b5748940::t_9840739276fe0d 102,155,184,195
  s_84a8c4b5748940::t_541d49c9d08d1f 10-11
public/app.js
  s_84a8c4b5748940::t_a703239056bd0f 1,3,5,7,42,44,46,53,55,68,71,105,107,110,113,127,190,211,257,260,262,264,266,268,270,283,354,447,473,477,479,485,487,495,522,530,541,552,569,571,573,580,589,601,604,606,620,749,806-807,819,823,840,933,1300,1448,1478,1486,1531,1533,1537,1540,1543,1549,1551,1563,1575,1579,1581,1587,1596,1601,1615,1620,1661,1679,1685,1691,1700,1722,1724,1728,1737,1742,1748,1827,1829,1837,1839,1846,1850,1852,2103,2148,2188,2229,2234,2249,2257,2268,2274,2276,2278,2375,2396,2522,2592,2686,2757,2766,2771,2783,2790,2812,2819,2829,2856,2894,2921,2944,2950,2959,2981,3009,3041,3089,3128,3186,3220,3266,3299,3320,3359,3419,3462,3590,3627,3679,3710,3735,3758,3774,3798,3823,3927,3987,4006,4022,4037,4072,4118,4120,4124-4128,4148-4149,4151,4153-4157,4160,4162,4169,4171,4196,4201,4220,4230,4232
---
{
  "schema_version": "authorship/3.0.0",
  "git_ai_version": "1.7.1",
  "base_commit_sha": "122d180918c4fa28d4d4c732b29e025f6e7b7ab3",
  "prompts": {},
  "sessions": {
    "s_84a8c4b5748940": {
      "agent_id": {
        "tool": "codex",
        "id": "01a0f0c6-c968-7eb2-9a16-f64685d798dc",
        "model": "gpt-6.1-sol"
      },
      "human_author": "kevin.zhang <547607118@qq.com>"
    }
  }
}