README.md
  s_84a8c4b5748940::t_2261e76409c3e9 77,89
src/town/scene.ts
  s_84a8c4b5748940::t_3a2b127820b45b 22,380,382-384,386,388,520,528
src/town/types.ts
  s_84a8c4b5748940::t_3a2b127820b45b 22
docs/ROADMAP.md
  s_84a8c4b5748940::t_2261e76409c3e9 3,90-127
ARCHITECTURE.md
  s_84a8c4b5748940::t_2261e76409c3e9 57
src/town/store.ts
  s_84a8c4b5748940::t_3a2b127820b45b 51-52
  s_84a8c4b5748940::t_3a25c23c52ab11 18
test/town/camera.test.ts
  s_84a8c4b5748940::t_f35a70b5a96b29 7,9-17,21-22,60,63,65-72
src/town/keyboard-input.ts
  s_84a8c4b5748940::t_3a2b127820b45b 13-14,16-17
docs/QA.md
  s_84a8c4b5748940::t_8aca79b5773445 5-18
AGENTS.md
  s_84a8c4b5748940::t_2261e76409c3e9 41
docs/TOKEN_TOWN.md
  s_84a8c4b5748940::t_2261e76409c3e9 108,111,114
src/town/ui.ts
  s_84a8c4b5748940::t_3a2b127820b45b 364,379,386-387
  s_84a8c4b5748940::t_3a25c23c52ab11 155,261
public/app.js
  s_84a8c4b5748940::t_fc9ec125ba46a6 1,3,5,7,42,44,46,53,55,68,71,105,107,110,113,127,190,211,257,260,262,264,266,268,270,283,354,447,473,477,479,485,487,495,522,530,541,552,569,571,573,580,589,601,604,606,620,749,806-807,819,823,840,933,1300,1448,1478,1486,1531,1533,1537,1540,1543,1549,1551,1563,1575,1579,1581,1587,1596,1601,1615,1620,1661,1679,1685,1691,1700,1722,1724,1728,1737,1742,1748,1827,1829,1837,1839,1846,1850,1852,2103,2148,2188,2229,2234,2249,2257,2268,2274,2276,2278,2375,2396,2522,2592,2686,2757,2766,2771,2783,2790,2812,2819,2829,2856,2894,2921,2944,2950,2959,2981,3009,3041,3089,3128,3186,3220,3266,3299,3320,3359,3419,3462,3590,3627,3679,3710,3735,3758,3774,3798,3823,3927,3987,4006,4022,4037,4072,4118,4120,4124-4128,4148,4153,4155,4157,4160,4162,4169,4171,4196,4201,4220,4228,4230
---
{
  "schema_version": "authorship/3.0.0",
  "git_ai_version": "1.7.1",
  "base_commit_sha": "4b0e97f261e97d5439000dafded7e97d391ac141",
  "prompts": {},
  "humans": {
    "h_858d8e7c2e7145": {
      "author": "kevin.zhang <547607118@qq.com>"
    }
  },
  "sessions": {
    "s_84a8c4b5748940": {
      "agent_id": {
        "tool": "codex",
        "id": "01a0f0c6-c968-7eb2-9a16-f64685d798dc",
        "model": "gpt-6.1-sol"
      },
      "human_author": "kevin.zhang <547607118@qq.com>"
    }
  }
}