src/town/farming.ts
  s_84a8c4b5748940::t_48a7b52a173891 11
src/town/community.ts
  s_84a8c4b5748940::t_d4ebe53d54c717 1-43,45-53,55,57,59-130,133-139,142-155,157-161,164-166,168-170
  s_84a8c4b5748940::t_96a5d99bc94b99 56,58
  s_84a8c4b5748940::t_64a466658585ea 131-132
  s_84a8c4b5748940::t_05a74ddd73e5ca 140
  s_84a8c4b5748940::t_48a7b52a173891 156,162-163,167
  s_84a8c4b5748940::t_642a8c1c8747e5 44,54,141
src/town/community-models.ts
  s_84a8c4b5748940::t_a568095de7d528 1-4,9-59
  s_84a8c4b5748940::t_c9276de96df750 5-8
scripts/build-town-assets.mjs
  s_84a8c4b5748940::t_48a7b52a173891 13
src/town/ui.ts
  s_84a8c4b5748940::t_b3c0f4792fffe8 94
  s_84a8c4b5748940::t_147a22b825a694 221-226
  s_84a8c4b5748940::t_5e2369fab86d46 284,286,403
  s_84a8c4b5748940::t_64a466658585ea 1,281-282
  s_84a8c4b5748940::t_f523ffa8fff156 2,34,43,97,187,195,197,261-280,283,285,287-289,321-328
src/town/asset-preview.ts
  s_84a8c4b5748940::t_45beb1861a79c6 5,9,12
src/town/types.ts
  s_84a8c4b5748940::t_c590a47b745d1b 5
  s_84a8c4b5748940::t_d4ebe53d54c717 22
AGENTS.md
  s_84a8c4b5748940::t_cc74bd91eed408 31-33,39,54
docs/README.md
  s_84a8c4b5748940::t_cc74bd91eed408 7,11
src/town/models.ts
  s_84a8c4b5748940::t_a568095de7d528 3,320-321
docs/ROADMAP.md
  s_84a8c4b5748940::t_8bac1cf6de2c93 3,59
  s_84a8c4b5748940::t_cc74bd91eed408 97,99,101,103-105,107,109,111,113,115,117,119,121,123,125
docs/TOKEN_TOWN.md
  s_84a8c4b5748940::t_cc74bd91eed408 117,174-212,221
test/town/resident-info.test.ts
  s_84a8c4b5748940::t_c41a5c52bee48a 55
test/town/community.test.ts
  s_84a8c4b5748940::t_e778002d7ada2d 16,83-85
  s_84a8c4b5748940::t_664e02776b8aef 1-9,11-15,17,19-74,77-82,86-96
  s_84a8c4b5748940::t_96a5d99bc94b99 18,75-76
  s_84a8c4b5748940::t_cc74bd91eed408 107
  s_84a8c4b5748940::t_c41a5c52bee48a 97-106,108-116,129
  s_84a8c4b5748940::t_0200d12d6a4af4 10,117-128
  s_84a8c4b5748940::t_ecf8a47449066d 130-132,134
  s_84a8c4b5748940::t_23c401fdfbf2f2 133
test/town/community-fixture.ts
  s_84a8c4b5748940::t_664e02776b8aef 1-9,11,13-14
  s_84a8c4b5748940::t_e778002d7ada2d 10,12
src/town/resident-info.ts
  s_84a8c4b5748940::t_c9276de96df750 40-44
  s_84a8c4b5748940::t_f109b43507cb97 88-90,92
public/town.css
  s_84a8c4b5748940::t_f109b43507cb97 57-66
src/town/resident-life.ts
  s_84a8c4b5748940::t_48a7b52a173891 84
ARCHITECTURE.md
  s_84a8c4b5748940::t_cc74bd91eed408 26-27,59,85,87,123-132
README.md
  s_84a8c4b5748940::t_cc74bd91eed408 64,70-79,93,107
src/town/store.ts
  s_84a8c4b5748940::t_c590a47b745d1b 1-2,18,20,65,112,125,138,160,173,194-225
src/town/catalog.ts
  s_84a8c4b5748940::t_96a5d99bc94b99 11-12
  s_84a8c4b5748940::t_cd2fa4632a1912 4-10,13
docs/TOWN_3D_ASSETS.md
  s_84a8c4b5748940::t_cc74bd91eed408 3,11,105-112
src/town/scene.ts
  s_84a8c4b5748940::t_b3c0f4792fffe8 453,478
  s_84a8c4b5748940::t_f109b43507cb97 449
  s_84a8c4b5748940::t_c9276de96df750 3,439-440,442,444,447
  s_84a8c4b5748940::t_64a466658585ea 2,239-247
  s_84a8c4b5748940::t_05a74ddd73e5ca 132,150,182,231,443,468
docs/QA.md
  s_84a8c4b5748940::t_005a6a42cdbaf5 236-254
public/app.js
  s_84a8c4b5748940::t_6bc4f1c1017477 1,3,5,7,42,44,46,53,55,68,71,105,107,110,113,127,190,211,257,260,262,264,266,268,270,283,354,447,473,477,479,485,487,495,522,530,541,552,569,571,573,580,589,601,604,606,620,749,806-807,819,823,840,933,1300,1448,1478,1486,1531,1533,1537,1540,1543,1549,1551,1563,1575,1579,1581,1587,1596,1601,1615,1620,1661,1679,1685,1691,1700,1722,1724,1728,1737,1742,1748,1827,1829,1837,1839,1846,1850,1852,2103,2148,2188,2229,2234,2249,2257,2268,2274,2276,2278,2375,2396,2522,2592,2686,2757,2766,2771,2783,2790,2812,2819,2829,2856,2894,2921,2944,2950,2959,2981,3009,3041,3089,3128,3186,3220,3266,3299,3320,3359,3419,3462,3590,3627,3679,3710,3735,3758,3774,3798,3823,3927,3987,4006,4022,4037,4072,4118,4120,4124-4128,4148-4151,4153-4158,4160,4162,4164-4165,4167,4169,4171,4196,4201,4220-4223,4228,4230
public/asset-preview.js
  s_84a8c4b5748940::t_91d2fb1dc043c4 1,3,5,7,42,44,46,53,55,68,71,105,107,110,113,127,190,211,257,260,262,264,266,268,270,283,354,447,473,477,479,485,487,495,522,530,541,552,569,571,573,580,589,601,604,606,620,749,806-807,819,823,840,933,1300,1448,1478,1486,1531,1533,1537,1540,1543,1549,1551,1563,1575,1579,1581,1587,1596,1601,1615,1620,1661,1679,1685,1691,1700,1722,1724,1728,1737,1742,1748,1827,1829,1837,1839,1846,1850,1852,2103,2148,2188,2229,2234,2249,2257,2268,2274,2276,2278,2375,2396,2522,2592,2686,2757,2766,2771,2783,2790,2812,2819,2829,2856,2894,2921,2944,2950,2959,2981,3009,3041,3089,3128,3186,3220,3266,3299,3320,3359,3419,3462,3590,3627,3679,3710,3735,3758,3774,3798,3823,3927,3987,4006,4022,4037,4072,4118,4120,4124-4128,4148-4149,4151,4153-4157,4160,4162,4169,4171,4196,4201,4220
---
{
  "schema_version": "authorship/3.0.0",
  "git_ai_version": "1.7.1",
  "base_commit_sha": "76d7863833db6b53e2e7bb57ab6c0d7e7d389365",
  "prompts": {},
  "humans": {
    "h_858d8e7c2e7145": {
      "author": "kevin.zhang <547607118@qq.com>"
    }
  },
  "sessions": {
    "s_84a8c4b5748940": {
      "agent_id": {
        "tool": "codex",
        "id": "01a0f0c6-c968-7eb2-9a16-f64685d798dc",
        "model": "gpt-6.1-sol"
      },
      "human_author": "kevin.zhang <547607118@qq.com>"
    }
  }
}